data [*,*]
   1    2            3     
   1   512.2         -4.5
   2   484.9         -4.2
   3   471.3         -4
   4   462.573       -3.2
   5   418.173       -2
   6   415.073       -1.27273
   7   399.8         -1.2
   8   386.9         -1.2
   9   352.1         -1
  10   327.1         -1
  11   277.1         -1
  12   268.1         -0.8
  13   247.1         -1.2
  14   243.5         -0.8
  15   241.5         -0.8
  16   231.1         -0.8
  17   221.45        -0.8
  18   209.783       -0.833334
  19   186.5         -0.6
  20   178.65        -0.7
  21   168.175       -0.8
  22   166.4         -0.8
  23   160.164       -0.642857
  24   159.343       -0.821429
  25   156.468       -0.642857
  26   145.755       -0.506098
  27   139.1         -0.5
  28   132.6         -0.5
  29    87.6         -0.5
  30    61.85        -0.5
  31    55.35        -0.4
  32    53.6444      -0.534722
  33    50.3         -0.3
  34    26.915       -0.4
  35    23.9143      -0.3
  36    22.2947      -0.409092
  37    20.4605      -0.163635
  38    20.3143      -0.157143
  39    19.2313      -0.3125
  40    16.6618      -0.213235
  41    16.086       -0.1875
  42    11.0061      -0.154206
  43    10.7043      -0.161804
  44     3.30452     -0.223164
  45     2.56538     -0.137363
  46     0.0508929   -0.133929
  47     0            0


  Len,   Cnt,   9,   17,   19,   21,   24,   26,   29,   34,   38,   39,   40,   41,   42,   46,   49,   50,   51,   53,   54,   55,   56,   59,   60,   62,   63,   64,   68,   69,   70,   71,   72,   73,   74,   75,   76,
  0.8,   68,    0,    0,    0,    0,    0,    0,    0,    0,    0,    0,    0,    0,    1,    0,    2,    0,    0,    0,    0,    0,    0,    0,    0,    0,    0,    0,    1,    0,    0,    0,    0,    0,    1,    0,    0,
  0.9,   31,    0,    0,    0,    0,    0,    0,    0,    0,    0,    0,    0,    0,    0,    2,    0,    0,    2,    0,    0,    0,    0,    0,    0,    0,    0,    0,    0,    0,    0,    0,    0,    0,    0,    0,    3,
  1.2,   91,    0,    0,    0,    0,    0,    0,    0,    1,    1,    0,    0,    0,    0,    0,    0,    1,    0,    0,    0,    0,    0,    0,    0,    0,    0,    1,    0,    0,    0,    0,    0,    0,    0,    0,    0,
  1.6,   24,    0,    0,    0,    0,    0,    0,    0,    0,    0,    0,    0,    0,    0,    0,    0,    0,    0,    0,    0,    0,    0,    0,    0,    0,    0,    0,    0,    0,    0,    0,    4,    0,    0,    0,    0,
  2.1,  111,    0,    0,    0,    0,    0,    0,    0,    8,    0,    0,    0,    0,    0,    0,    0,    0,    0,    0,    0,    0,    1,    0,    0,    1,    1,    0,    0,    0,    1,    0,    0,    0,    0,    0,    0,
  3.7,   91,    0,    0,    0,    0,    0,    0,    0,    0,    0,    0,    0,    0,    0,    0,    0,    0,    0,    0,    0,    1,    0,    0,    0,    0,    0,    1,    0,    0,    0,    0,    0,    0,    0,    0,    0,
  3.8,   68,    0,    0,    0,    0,    0,    0,    0,    0,    0,    0,    1,    0,    0,    1,    0,    0,    0,    0,    0,    0,    1,    0,    0,    1,    0,    0,    0,    0,    0,    0,    0,    0,    0,    0,    0,
  4.2,  116,    0,    0,    0,    0,    0,    0,    0,    0,    4,    0,    0,    0,    0,    0,    0,    0,    0,    1,    0,    0,    0,    0,    0,    0,    1,    0,    0,    0,    0,    0,    0,    0,    0,    0,    1,
  4.4,  103,    1,    0,    0,    0,    0,    0,    0,    0,    0,    0,    0,    0,    0,    0,    0,    0,    0,    0,    0,    0,    0,    2,    0,    0,    0,    0,    0,    0,    0,    0,    0,    0,    0,    0,    0,
  4.8,   74,    0,    0,    0,    0,    0,    0,    0,    0,    0,    0,    0,    0,    2,    0,    0,    2,    0,    0,    1,    0,    0,    0,    0,    0,    0,    0,    0,    1,    0,    1,    0,    0,    0,    0,    0,
  5.2,   25,    0,    0,    0,    0,    0,    0,    0,    0,    0,    1,    0,    2,    0,    0,    0,    0,    0,    0,    0,    0,    0,    0,    0,    0,    0,    0,    0,    0,    0,    0,    0,    0,    0,    0,    0,
  6.2,   63,    0,    0,    0,    0,    0,    0,    0,    0,    0,    1,    0,    0,    0,    2,    0,    0,    0,    1,    0,    0,    0,    0,    0,    0,    0,    0,    0,    0,    0,    0,    0,    0,    0,    0,    0,
  6.6,   75,    0,    0,    0,    0,    0,    0,    0,    0,    0,    1,    1,    0,    0,    0,    0,    0,    0,    0,    2,    0,    0,    0,    0,    0,    0,    0,    0,    0,    0,    0,    0,    0,    0,    0,    0,
  6.8,  116,    0,    0,    0,    0,    0,    0,    0,    0,    0,    0,    0,    0,    0,    0,    0,    0,    0,    0,    0,    0,    0,    0,    1,    0,    0,    0,    1,    0,    0,    0,    0,    0,    0,    0,    0,
  7.1,   99,    0,    0,    0,    0,    0,    0,    0,    0,    0,    0,    1,    1,    1,    0,    0,    0,    2,    0,    0,    1,    0,    0,    0,    0,    0,    0,    0,    0,    0,    0,    0,    0,    1,    1,    0,
  7.2,  104,    0,    0,    0,    0,    0,    0,    0,    0,    0,    0,    0,    0,    0,    0,    1,    1,    0,    0,    0,    1,    0,    0,    0,    0,    0,    0,    0,    0,    2,    0,    0,    0,    0,    0,    0,
  7.5,   91,    0,    1,    0,    0,    0,    0,    0,    0,    0,    0,    0,    0,    0,    0,    0,    0,    0,    0,    0,    0,    0,    0,    0,    0,    0,    0,    0,    0,    0,    0,    0,    0,    0,    0,    0,
  7.6,  103,    0,    0,    0,    0,    0,    0,    0,    0,    0,    0,    0,    0,    0,    0,    0,    0,    0,    1,    0,    0,    0,    0,    0,    0,    0,    0,    0,    0,    0,    0,    0,    1,    0,    0,    0,
  8.0,   68,    0,    0,    1,    0,    0,    0,    0,    0,    0,    0,    0,    0,    0,    0,    0,    0,    0,    0,    0,    0,    0,    0,    0,    0,    0,    0,    0,    0,    0,    0,    0,    0,    0,    0,    0,
  9.2,  111,    0,    0,    0,    0,    0,    0,    0,    0,    0,    0,    0,    0,    0,    0,    1,    0,    0,    0,    0,    0,    0,    1,    1,    0,    0,    0,    0,    0,    0,    0,    0,    0,    0,    0,    0,
  9.5,  108,    0,    0,    0,    1,    0,    0,    0,    0,    0,    0,    0,    0,    0,    0,    0,    0,    0,    0,    0,    0,    0,    0,    0,    0,    0,    0,    0,    0,    0,    0,    0,    0,    0,    0,    0,
 10.1,   13,    0,    0,    0,    0,    0,    0,    0,    0,    0,    0,    0,    0,    0,    0,    0,    0,    0,    0,    0,    0,    0,    0,    0,    1,    0,    0,    0,    0,    0,    0,    0,    0,    1,    0,    0,
 10.4,  116,    0,    0,    0,    0,    0,    0,    0,    0,    0,    0,    0,    0,    0,    0,    0,    0,    0,    0,    0,    0,    0,    0,    0,    0,    0,    0,    1,    0,    0,    0,    0,    1,    0,    0,    0,
 10.9,   24,    0,    0,    0,    0,    1,    0,    0,    0,    0,    0,    0,    0,    0,    0,    0,    0,    0,    0,    0,    0,    0,    0,    0,    0,    0,    0,    0,    0,    0,    0,    0,    0,    0,    1,    0,
 11.1,   90,    0,    0,    0,    0,    0,    0,    0,    0,    0,    0,    0,    0,    0,    0,    0,    0,    0,    0,    0,    0,    0,    0,    0,    0,    0,    1,    0,    0,    0,    0,    1,    0,    0,    0,    1,
 11.5,   33,    0,    0,    0,    0,    0,    1,    0,    0,    0,    0,    0,    0,    0,    0,    0,    0,    0,    0,    0,    0,    0,    0,    0,    0,    0,    0,    0,    0,    0,    0,    0,    0,    0,    0,    0,
 11.7,   79,    0,    0,    0,    0,    0,    0,    0,    0,    0,    0,    0,    0,    0,    0,    0,    0,    0,    0,    0,    0,    0,    0,    0,    0,    1,    0,    0,    0,    0,    1,    0,    0,    0,    0,    0,
 12.1,   15,    0,    0,    0,    0,    0,    0,    0,    0,    0,    0,    0,    0,    0,    0,    0,    0,    0,    0,    0,    0,    1,    0,    0,    0,    0,    0,    0,    0,    0,    0,    0,    0,    0,    0,    0,
 12.5,   51,    0,    0,    0,    0,    0,    0,    1,    0,    0,    0,    0,    0,    0,    0,    0,    0,    0,    0,    0,    0,    0,    0,    0,    0,    0,    0,    0,    0,    0,    0,    0,    0,    0,    0,    0,
 13.2,   12,    0,    0,    0,    0,    0,    0,    0,    0,    0,    0,    0,    0,    0,    0,    0,    0,    0,    0,    0,    0,    0,    0,    0,    0,    0,    0,    0,    1,    0,    0,    0,    0,    0,    0,    0,
Count,    1,   91,   68,  108,    1,   33,   51,    1,    8,    3,   40,   11,    1,    8,    1,    1,    3,   44,   16,   10,   15,   51,   59,    5,   37,   81,   57,   12,   46,   42,    6,   59,    8,   23,    3,
StockLen,  4.5,  7.5,  8.0,  9.5, 11.0, 11.5, 12.5, 18.0, 18.0, 18.0, 17.5, 17.5, 17.5, 18.0, 18.0, 18.0, 16.0, 18.0, 18.0, 18.0, 18.0, 18.0, 16.0, 16.0, 18.0, 16.0, 18.0, 18.0, 16.5, 16.5, 17.5, 18.0, 18.0, 18.0, 18.0,
